')
Guess: 1(7249191, Score: 1.5727756911863907e-16
Guess: 1(7249491, Score: 8.92093380062197e-17
